                         031 032 033 034 035 036                                                 
                         025 026 027 028 029 030                                                 
                         019 020 021 022 023 024                                                 
                         013 014 015 016 017 018                                                 
                         007 008 009 010 011 012                                                 
                         001 002 003 004 005 006                                                 

150 149 148 147 146 145  073 079 085 091 097 103  181 187 193 199 205 211  109 115 121 127 133 139
156 155 154 153 152 151  074 080 086 092 098 104  182 188 194 200 206 212  110 116 122 128 134 140
162 161 160 159 158 157  075 081 087 093 099 105  183 189 195 201 207 213  111 117 123 129 135 141
168 167 166 165 164 163  076 082 088 094 100 106  184 190 196 202 208 214  112 118 124 130 136 142
174 173 172 171 170 169  077 083 089 095 101 107  185 191 197 203 209 215  113 119 125 131 137 143
180 179 178 177 176 175  078 084 090 096 102 108  186 192 198 204 210 216  114 120 126 132 138 144

                         037 043 049 055 061 067                                                 
                         038 044 050 056 062 068                                                 
                         039 045 051 057 063 069                                                 
                         040 046 052 058 064 070                                                 
                         041 047 053 059 065 071                                                 
                         042 048 054 060 066 072                                                 
