                     21 22 23 24 25
                     16 17 18 19 20
                     11 12 13 14 15
                     06 07 08 09 10
                     01 02 03 04 05
105 104 103 102 101  51 56 61 66 71  126 131 136 141 146  76 81 86 91 96 
110 109 108 107 106  52 57 62 67 72  127 132 137 142 147  77 82 87 92 97
115 114 113 112 111  53 58 63 68 73  128 133 138 143 148  78 83 88 93 98
120 119 118 117 116  54 59 64 69 74  129 134 139 144 149  79 84 89 94 99
125 124 123 122 121  55 60 65 70 75  130 135 140 145 150  80 85 90 95 100
                     26 31 36 41 46                 
                     27 32 37 42 47
                     28 33 38 43 48
                     29 34 39 44 49
                     30 35 40 45 50
